   -1    -1    -1    -1  2661    -1    -1  1280  9634    -1  2634
   -1    -1    -1  2278    -1    -1    -1    -1    -1    -1  2658
   -1    -1    -1  7263  1651    -1  1808  9097  4774    78    -1
   -1  5764    84    -1    -1    -1    -1  4791    -1  8357  7458
 4777    -1  2824    -1    -1    -1  8754  6833    -1    -1  6756
   -1    -1    -1    -1    -1    -1    -1    -1  8123  6639  3458
   -1    -1   271    -1  3198    -1    -1    -1  4320  9969  6603
 9474    -1  2315  5942  9553    -1    -1    -1  9638  5905  6702
  688    -1  8688    -1    -1  9898  6619   899    -1    -1    -1
   -1    -1  9301  1820    -1   454  5734  9629    -1    -1    -1
 9691  6523    -1  1138  1649  3629  4227  6140    -1    -1    -1