-1 35 -1 8 49 -1 16 -1 -1 93 -1 -1 -1 -1
9 -1 9 65 96 -1 34 -1 22 73 -1 58 74 70
-1 33 -1 42 -1 16 66 51 -1 -1 89 46 -1 -1
52 15 17 -1 50 37 70 -1 -1 -1 46 15 -1 -1
88 27 -1 22 -1 -1 -1 18 -1 37 94 -1 1 97
-1 -1 15 75 -1 -1 -1 -1 -1 98 -1 37 -1 -1
29 12 19 76 -1 -1 -1 81 -1 -1 21 75 50 45
-1 -1 14 -1 6 -1 60 -1 -1 34 -1 -1 -1 -1
-1 81 -1 -1 -1 -1 -1 -1 -1 52 -1 90 52 34
67 94 -1 -1 98 9 -1 48 40 -1 -1 17 -1 -1
-1 -1 19 53 74 -1 59 -1 -1 -1 -1 64 45 -1
-1 95 92 28 -1 85 67 -1 90 28 35 -1 -1 36
-1 2 -1 -1 31 -1 13 -1 12 -1 5 -1 -1 -1
-1 65 -1 -1 93 -1 14 -1 2 -1 -1 56 -1 -1
