-1 -1 -1 -1 32 -1 7 -1 91 30 -1 -1 32 -1
-1 -1 -1 -1 36 -1 98 96 -1 13 -1 98 -1 -1
-1 -1 -1 -1 -1 -1 -1 -1 -1 -1 47 89 -1 83
-1 -1 -1 -1 -1 -1 -1 -1 37 -1 88 80 -1 -1
32 36 -1 -1 -1 79 -1 -1 70 -1 -1 -1 -1 66
-1 -1 -1 -1 79 -1 -1 -1 29 -1 97 -1 -1 -1
7 98 -1 -1 -1 -1 -1 -1 -1 95 66 -1 80 -1
-1 96 -1 -1 -1 -1 -1 -1 98 -1 -1 -1 -1 85
91 -1 -1 37 70 29 -1 98 -1 32 -1 -1 -1 -1
30 13 -1 -1 -1 -1 95 -1 32 -1 -1 -1 -1 -1
-1 -1 47 88 -1 97 66 -1 -1 -1 -1 -1 -1 -1
-1 98 89 80 -1 -1 -1 -1 -1 -1 -1 -1 -1 -1
32 -1 -1 -1 -1 -1 80 -1 -1 -1 -1 -1 -1 -1
-1 -1 83 -1 66 -1 -1 85 -1 -1 -1 -1 -1 -1
