   -1    -1    -1  7808    86    -1    -1  3073    -1    -1    -1
   -1    -1    -1  3172    -1    -1  1190    -1  4144  4966    -1
   -1    -1    -1    -1    -1    -1   978   978  4449    -1    -1
 7808  3172    -1    -1    -1    -1    -1    -1    -1    -1    -1
   86    -1    -1    -1    -1  4854    -1    -1    -1    -1  9149
   -1    -1    -1    -1  4854    -1    -1    -1    -1    -1  2292
   -1  1190   978    -1    -1    -1    -1    -1    -1    -1  5485
 3073    -1   978    -1    -1    -1    -1    -1  2946  3041    -1
   -1  4144  4449    -1    -1    -1    -1  2946    -1    -1    -1
   -1  4966    -1    -1    -1    -1    -1  3041    -1    -1    -1
   -1    -1    -1    -1  9149  2292  5485    -1    -1    -1    -1