0 2013 538 2832 1633 391 375 237 73 2514 566 333 907 949 173 280 392 326 446 373 1007 283 686 2281 1085 2710 367 361 1591 276 363 1560 138 951 3001 230 460 294 1453 207 782 2155 244 347 3007 33 693
2013 0 1474 819 380 2404 2388 2250 2086 501 1447 1680 1106 1064 1840 1733 2405 2338 2459 1640 1006 1730 1326 268 928 697 2380 2374 422 2289 2376 453 1875 1062 988 2243 2473 2307 559 1806 1231 142 2257 2359 994 2046 1320
538 1474 0 2294 1095 929 914 776 612 1976 28 205 369 411 365 258 931 864 985 165 468 255 148 1743 547 2171 906 899 1052 815 901 1022 401 412 2463 768 998 833 915 331 244 1616 783 885 2469 571 154
2832 819 2294 0 1199 3223 3207 3070 2906 318 2266 2499 1925 1883 2659 2552 3224 3158 3279 2459 1826 2549 2146 551 1747 123 3199 3193 1241 3109 3195 1272 2694 1881 169 3062 3292 3126 1379 2625 2050 678 3076 3179 175 2865 2139
1633 380 1095 1199 0 2024 2008 1871 1707 881 1067 1300 726 684 1460 1353 2025 1959 2080 1260 627 1350 947 648 548 1076 2000 1994 42 1910 1996 73 1495 682 1368 1863 2093 1927 180 1426 851 521 1877 1980 1374 1666 940
391 2404 929 3223 2024 0 16 153 318 2905 957 724 1298 1340 564 671 1 65 55 764 1398 674 1077 2672 1476 3101 24 30 1982 114 28 1951 529 1342 3392 161 69 97 1844 598 1173 2546 147 44 3398 358 1084
375 2388 914 3207 2008 16 0 138 302 2889 941 708 1282 1324 548 656 17 50 71 748 1382 658 1062 2656 1461 3085 8 14 1966 99 13 1936 513 1326 3376 145 85 81 1829 582 1157 2530 131 29 3382 343 1068
237 2250 776 3070 1871 153 138 0 164 2752 804 571 1144 1186 411 518 155 88 209 610 1244 521 924 2519 1323 2947 130 123 1828 39 125 1798 375 1188 3239 8 222 57 1691 445 1020 2392 7 109 3245 205 930
73 2086 612 2906 1707 318 302 164 0 2588 640 407 980 1022 246 354 319 252 373 446 1080 356 760 2355 1159 2783 294 288 1664 203 289 1634 211 1024 3075 157 386 221 1527 280 856 2228 171 273 3080 41 766
2514 501 1976 318 881 2905 2889 2752 2588 0 1948 2181 1607 1565 2341 2234 2906 2840 2961 2141 1508 2231 1828 233 1429 195 2881 2875 923 2791 2877 954 2376 1563 487 2744 2974 2809 1061 2307 1732 360 2758 2861 493 2547 1822
566 1447 28 2266 1067 957 941 804 640 1948 0 233 341 383 393 286 958 892 1012 193 441 283 120 1715 519 2143 933 927 1025 843 929 994 428 385 2435 796 1026 860 887 359 216 1589 810 913 2441 599 127
333 1680 205 2499 1300 724 708 571 407 2181 233 0 574 616 160 53 725 659 779 40 674 50 353 1948 752 2376 700 694 1258 610 696 1227 195 618 2668 563 793 627 1120 126 449 1822 577 680 2674 366 360
907 1106 369 1925 726 1298 1282 1144 980 1607 341 574 0 42 734 627 1299 1233 1353 534 100 624 220 1374 178 1803 1274 1268 684 1183 1270 653 769 44 2094 1137 1367 1201 546 700 125 1248 1151 1254 2100 940 214
949 1064 411 1883 684 1340 1324 1186 1022 1565 383 616 42 0 776 669 1341 1275 1395 576 58 666 263 1332 136 1761 1316 1310 642 1225 1312 611 811 2 2052 1179 1409 1243 504 742 167 1206 1193 1296 2058 982 256
173 1840 365 2659 1460 564 548 411 246 2341 393 160 734 776 0 107 565 499 619 200 834 110 513 2108 912 2537 540 534 1418 449 536 1387 35 778 2828 403 633 467 1280 34 609 1982 417 520 2834 206 520
280 1733 258 2552 1353 671 656 518 354 2234 286 53 627 669 107 0 673 606 727 93 726 3 406 2001 805 2429 648 641 1310 557 643 1280 143 670 2721 510 740 575 1173 73 502 1874 525 627 2727 313 412
392 2405 931 3224 2025 1 17 155 319 2906 958 725 1299 1341 565 673 0 67 54 765 1399 675 1079 2673 1478 3102 25 31 1983 116 30 1953 530 1343 3393 162 68 98 1846 599 1174 2547 148 46 3399 360 1085
326 2338 864 3158 1959 65 50 88 252 2840 892 659 1233 1275 499 606 67 0 121 699 1332 609 1012 2607 1411 3035 42 35 1916 49 37 1886 463 1276 3327 96 134 31 1779 533 1108 2480 81 21 3333 293 1018
446 2459 985 3279 2080 55 71 209 373 2961 1012 779 1353 1395 619 727 54 121 0 819 1453 729 1133 2728 1532 3156 79 85 2037 170 84 2007 584 1397 3448 216 13 152 1900 653 1228 2601 202 100 3453 414 1139
373 1640 165 2459 1260 764 748 610 446 2141 193 40 534 576 200 93 765 699 819 0 634 90 313 1908 712 2337 740 734 1218 649 736 1187 235 578 2628 603 833 667 1080 166 409 1782 617 720 2634 406 320
1007 1006 468 1826 627 1398 1382 1244 1080 1508 441 674 100 58 834 726 1399 1332 1453 634 0 724 320 1275 79 1703 1374 1368 584 1283 1369 554 869 56 1995 1237 1466 1301 447 800 225 1148 1251 1353 2000 1039 314
283 1730 255 2549 1350 674 658 521 356 2231 283 50 624 666 110 3 675 609 729 90 724 0 403 1998 802 2427 650 644 1308 559 646 1277 145 668 2718 513 743 577 1170 76 499 1872 527 630 2724 316 410
686 1326 148 2146 947 1077 1062 924 760 1828 120 353 220 263 513 406 1079 1012 1133 313 320 403 0 1595 399 2023 1054 1047 904 963 1049 874 549 264 2315 916 1146 981 767 479 96 1468 931 1033 2321 719 6
2281 268 1743 551 648 2672 2656 2519 2355 233 1715 1948 1374 1332 2108 2001 2673 2607 2728 1908 1275 1998 1595 0 1196 428 2648 2642 690 2558 2644 721 2143 1330 720 2511 2741 2576 828 2074 1499 127 2525 2628 726 2314 1589
1085 928 547 1747 548 1476 1461 1323 1159 1429 519 752 178 136 912 805 1478 1411 1532 712 79 802 399 1196 0 1624 1453 1446 505 1362 1448 475 948 135 1916 1315 1545 1380 368 878 303 1069 1330 1432 1922 1118 393
2710 697 2171 123 1076 3101 3085 2947 2783 195 2143 2376 1803 1761 2537 2429 3102 3035 3156 2337 1703 2427 2023 428 1624 0 3077 3071 1119 2986 3072 1149 2572 1759 292 2940 3169 3004 1256 2503 1927 555 2954 3056 297 2742 2017
367 2380 906 3199 2000 24 8 130 294 2881 933 700 1274 1316 540 648 25 42 79 740 1374 650 1054 2648 1453 3077 0 6 1958 91 4 1927 505 1318 3368 137 93 73 1821 574 1149 2522 123 21 3374 335 1060
361 2374 899 3193 1994 30 14 123 288 2875 927 694 1268 1310 534 641 31 35 85 734 1368 644 1047 2642 1446 3071 6 0 1952 85 2 1921 499 1312 3362 131 99 67 1814 568 1143 2516 117 14 3368 328 1054
1591 422 1052 1241 42 1982 1966 1828 1664 923 1025 1258 684 642 1418 1310 1983 1916 2037 1218 584 1308 904 690 505 1119 1958 1952 0 1867 1953 30 1453 640 1411 1821 2050 1885 137 1384 809 564 1835 1937 1416 1623 898
276 2289 815 3109 1910 114 99 39 203 2791 843 610 1183 1225 449 557 116 49 170 649 1283 559 963 2558 1362 2986 91 85 1867 0 86 1837 414 1227 3278 47 183 18 1730 483 1059 2431 32 70 3283 244 969
363 2376 901 3195 1996 28 13 125 289 2877 929 696 1270 1312 536 643 30 37 84 736 1369 646 1049 2644 1448 3072 4 2 1953 86 0 1923 500 1313 3364 133 97 68 1816 570 1145 2517 119 16 3370 330 1055
1560 453 1022 1272 73 1951 1936 1798 1634 954 994 1227 653 611 1387 1280 1953 1886 2007 1187 554 1277 874 721 475 1149 1927 1921 30 1837 1923 0 1423 610 1441 1790 2020 1855 107 1353 778 594 1805 1907 1447 1593 868
138 1875 401 2694 1495 529 513 375 211 2376 428 195 769 811 35 143 530 463 584 235 869 145 549 2143 948 2572 505 499 1453 414 500 1423 0 813 2864 368 597 432 1316 69 644 2017 382 484 2869 170 555
951 1062 412 1881 682 1342 1326 1188 1024 1563 385 618 44 2 778 670 1343 1276 1397 578 56 668 264 1330 135 1759 1318 1312 640 1227 1313 610 813 0 2050 1181 1411 1245 503 744 169 1204 1195 1297 2056 983 258
3001 988 2463 169 1368 3392 3376 3239 3075 487 2435 2668 2094 2052 2828 2721 3393 3327 3448 2628 1995 2718 2315 720 1916 292 3368 3362 1411 3278 3364 1441 2864 2050 0 3231 3461 3296 1548 2794 2219 847 3245 3348 6 3034 2309
230 2243 768 3062 1863 161 145 8 157 2744 796 563 1137 1179 403 510 162 96 216 603 1237 513 916 2511 1315 2940 137 131 1821 47 133 1790 368 1181 3231 0 230 64 1683 437 1012 2385 14 117 3237 197 923
460 2473 998 3292 2093 69 85 222 386 2974 1026 793 1367 1409 633 740 68 134 13 833 1466 743 1146 2741 1545 3169 93 99 2050 183 97 2020 597 1411 3461 230 0 165 1913 667 1242 2614 216 113 3467 427 1152
294 2307 833 3126 1927 97 81 57 221 2809 860 627 1201 1243 467 575 98 31 152 667 1301 577 981 2576 1380 3004 73 67 1885 18 68 1855 432 1245 3296 64 165 0 1748 501 1076 2449 50 52 3301 262 987
1453 559 915 1379 180 1844 1829 1691 1527 1061 887 1120 546 504 1280 1173 1846 1779 1900 1080 447 1170 767 828 368 1256 1821 1814 137 1730 1816 107 1316 503 1548 1683 1913 1748 0 1246 671 701 1698 1800 1554 1486 761
207 1806 331 2625 1426 598 582 445 280 2307 359 126 700 742 34 73 599 533 653 166 800 76 479 2074 878 2503 574 568 1384 483 570 1353 69 744 2794 437 667 501 1246 0 575 1948 451 554 2800 240 486
782 1231 244 2050 851 1173 1157 1020 856 1732 216 449 125 167 609 502 1174 1108 1228 409 225 499 96 1499 303 1927 1149 1143 809 1059 1145 778 644 169 2219 1012 1242 1076 671 575 0 1372 1026 1129 2225 815 89
2155 142 1616 678 521 2546 2530 2392 2228 360 1589 1822 1248 1206 1982 1874 2547 2480 2601 1782 1148 1872 1468 127 1069 555 2522 2516 564 2431 2517 594 2017 1204 847 2385 2614 2449 701 1948 1372 0 2399 2501 852 2187 1462
244 2257 783 3076 1877 147 131 7 171 2758 810 577 1151 1193 417 525 148 81 202 617 1251 527 931 2525 1330 2954 123 117 1835 32 119 1805 382 1195 3245 14 216 50 1698 451 1026 2399 0 102 3251 212 937
347 2359 885 3179 1980 44 29 109 273 2861 913 680 1254 1296 520 627 46 21 100 720 1353 630 1033 2628 1432 3056 21 14 1937 70 16 1907 484 1297 3348 117 113 52 1800 554 1129 2501 102 0 3354 314 1039
3007 994 2469 175 1374 3398 3382 3245 3080 493 2441 2674 2100 2058 2834 2727 3399 3333 3453 2634 2000 2724 2321 726 1922 297 3374 3368 1416 3283 3370 1447 2869 2056 6 3237 3467 3301 1554 2800 2225 852 3251 3354 0 3040 2314
33 2046 571 2865 1666 358 343 205 41 2547 599 366 940 982 206 313 360 293 414 406 1039 316 719 2314 1118 2742 335 328 1623 244 330 1593 170 983 3034 197 427 262 1486 240 815 2187 212 314 3040 0 725
693 1320 154 2139 940 1084 1068 930 766 1822 127 360 214 256 520 412 1085 1018 1139 320 314 410 6 1589 393 2017 1060 1054 898 969 1055 868 555 258 2309 923 1152 987 761 486 89 1462 937 1039 2314 725 0
1660 353 1121 1173 26 2050 2035 1897 1733 855 1093 1326 753 711 1487 1379 2052 1985 2106 1287 653 1377 973 622 574 1050 2027 2021 69 1936 2022 99 1522 709 1342 1889 2119 1954 206 1453 877 495 1904 2006 1347 1692 967
