-1   1082   801   -1   3418   2443   -1   1725   -1   1880
1082   -1   4301   -1   -1   5989   -1   7560   3376   -1
801   4301   -1   -1   1734   -1   -1   -1   9055   -1
-1   -1   -1   -1   4648   324   4141   9750   1540   -1
3418   -1   1734   4648   -1   -1   -1   3070   9477   -1
2443   5989   -1   324   -1   -1   5473   -1   -1   5138
-1   -1   -1   4141   -1   5473   -1   -1   -1   1139
1725   7560   -1   9750   3070   -1   -1   -1   -1   -1
-1   3376   9055   1540   9477   -1   -1   -1   -1   -1
1880   -1   -1   -1   -1   5138   1139   -1   -1   -1
