   -1    63   667  7031  1513  6020  5284  1666  7076  9880  9990
 4582    -1   858  7963   755  9037  7329  7906  7844  3007  3203
 4645  5938    -1  3631   248  9594  7606  6704  5654  8402  4391
 7440  1041  9669    -1  5621  7444  1197  4818    49  9869  3386
 3513  1543  3350  3829    -1  2541  6404   715  3809  8017   756
 6765  5979  6348  4498  3827    -1  5283   238  2649  7861  2178
 9520  2556  5513  2314   845  3258    -1  8832  7797  7254  9110
 9389  8122  5282  2934   715  4287   732    -1  9092  4040  4453
 8403  9893   388  6036  9407  6492  1840  7922    -1  9514  1354
 1815  6448  1580  9521   839  9889  3627  8690  7387    -1  9111
 2425  4751  1450   500  8004   626  5101  8991  5179  2849    -1 