-1 49 69 14 38 86 24 14 70 33 93 96 74 98
99 -1 41 97 76 23 3 89 59 89 8 73 39 70
59 5 -1 45 29 100 99 62 53 29 71 69 63 6
33 17 22 -1 80 11 83 89 52 96 69 21 46 28
64 19 2 92 -1 16 82 68 79 37 68 89 39 99
26 92 94 24 82 -1 53 41 63 25 15 76 2 90
10 34 50 36 41 88 -1 46 39 99 74 25 72 87
97 2 15 97 30 54 61 -1 76 80 30 22 27 36
64 11 53 71 60 71 44 73 -1 18 58 27 33 56
66 81 60 100 5 26 56 81 33 -1 69 76 57 88
73 64 58 82 53 27 21 79 92 31 -1 32 3 14
52 97 23 21 63 75 61 25 15 19 93 -1 26 44
50 93 16 66 65 68 75 0 80 50 71 17 -1 23
28 86 78 43 0 42 66 37 62 47 69 51 95 -1
