-1 42 76 69 32 85 37 96 28 56 63 96 16
42 -1 36 80 98 35 92 16 80 77 32 39 32
76 36 -1 74 18 4 72 37 49 28 13 21 38
69 80 74 -1 50 45 16 92 75 48 70 94 70
32 98 18 50 -1 70 81 87 40 26 18 71 9
85 35 4 45 70 -1 93 39 84 66 11 98 43
37 92 72 16 81 93 -1 43 96 98 68 22 38
96 16 37 92 87 39 43 -1 89 11 82 41 35
28 80 49 75 40 84 96 89 -1 79 83 46 79
56 77 28 48 26 66 98 11 79 -1 36 83 39
63 32 13 70 18 11 68 82 83 36 -1 98 32
96 39 21 94 71 98 22 41 46 83 98 -1 67
16 32 38 70 9 43 38 35 79 39 32 67 -1
