   -1  8160  1039  1961  6951  8965   910   503  3181  9753  5284  9980
 2014    -1  7390  7537  8187   532  2387  3200  2399  2408  3734  9071
  261  5094    -1  5977  7923   128  1154  6211  3243   765  5582  6844
 1119  1953  7365    -1  7059  1883   261  2562  8736  7717  8007  9062
 2349  4311  5250   536    -1  1717  4675  9205  8180  8762  3366  5336
  957   166  1527  1198   500    -1  4692  2591   866   262  6079  1781
  474  2600  4083  6279  7168  3494    -1  9715  4294   932   750  2602
 3673  8527  1364  1099  3672  2931  8779    -1  1462  1980  9673  8174
  602  3204  6666  6103  2958  3467  4694  1135    -1  3094  4036  1544
 9477  2350  1379  8231  1584  8326  1131  5167  9672    -1  8121  1142
  106  7101  2725  5989  7616  6088   810  1500  6807  9390    -1  8532
 3093  9689  5259  9001  7418   722  4039  7147  2116  9522  9902    -1