   -1  7314  6373  2151  4574  7107  6939  1477  9975  5623  6360  8098
 7314    -1   267   313  6763  6653  7534  7123  1784  2192  9643  2932
 6373   267    -1  5819   497  4495  5444  7135  1010  3469  9303  7615
 2151   313  5819    -1  3915  6800  6046  1693  9676  1890  6606  3478
 4574  6763   497  3915    -1  6656   265  9687  2280  1911  5453  3457
 7107  6653  4495  6800  6656    -1  3250   209  1907  6477  8803  3981
 6939  7534  5444  6046   265  3250    -1  8359  4137  3441  5990  4095
 1477  7123  7135  1693  9687   209  8359    -1  9975  2191  2014  8224
 9975  1784  1010  9676  2280  1907  4137  9975    -1  2490  5214  4647
 5623  2192  3469  1890  1911  6477  3441  2191  2490    -1   495   410
 6360  9643  9303  6606  5453  8803  5990  2014  5214   495    -1  8734
 8098  2932  7615  3478  3457  3981  4095  8224  4647   410  8734    -1