   -1    -1    -1  3268    -1    -1    -1  7709  1430    -1  1624  7786
   -1    -1  6443    -1   420  5492  9527    -1    -1  2859    -1  4663
   -1  6443    -1   564  3015  1396  4283  7665    -1    -1    -1    -1
 3268    -1   564    -1  3092    -1  2023    -1  9845  7178  7727    -1
   -1   420  3015  3092    -1    -1  2164    -1  3507  7849  6061  1064
   -1  5492  1396    -1    -1    -1    -1  7466   530  1498  6532  9355
   -1  9527  4283  2023  2164    -1    -1  6524    -1  6952  6738    -1
 7709    -1  7665    -1    -1  7466  6524    -1    -1  1448  7978    -1
 1430    -1    -1  9845  3507   530    -1    -1    -1    -1    -1  8150
   -1  2859    -1  7178  7849  1498  6952  1448    -1    -1   259    -1
 1624    -1    -1  7727  6061  6532  6738  7978    -1   259    -1  7024
 7786  4663    -1    -1  1064  9355    -1    -1  8150    -1  7024    -1