   -1    -1    -1  3670  5202    -1    -1    -1  2337    -1    -1  2815
   -1    -1    -1  3634    -1  1122    -1  3138  2016    -1    -1    -1
   -1    -1    -1  7270    -1  7432    -1    -1    -1  6577    -1  1214
 6783  6403  6832    -1    -1  2150    -1  5221  8193  4804  4348  2418
 4577    -1    -1    -1    -1    -1  1769    -1    -1    -1  8807   460
   -1  6638  4489  8685    -1    -1  3418   784    -1    -1   216    -1
   -1    -1    -1    -1  8760  7776    -1    -1  1589  6500  2812    -1
   -1  6372    -1  1795    -1  1159    -1    -1    -1  4486  4319    -1
 2497  7556    -1  4855    -1    -1  8621    -1    -1  3754    -1  6776
   -1    -1  8641  5966    -1    -1  3592  9705  8843    -1    -1  6750
   -1    -1    -1  2001    33  3425   552  6074    -1    -1    -1  8866
 1251    -1  2585  2483  1950    -1    -1    -1  3041  1698  1380    -1