   -1    -1    -1    -1  2295  7458  2289  6211  9024   710  1197  7278
   -1    -1  7522  7132  1411  8668   417   456  4436    -1    -1    -1
   -1  1242    -1  7572  1798  3237  1764  8577  5585  4499  6015  7244
   -1  6465  1468    -1  9441  2740  7451  5860  7955  9605    -1  9206
  162  3041  9617  6461    -1  8092  2240  1418    -1   197  1656  1233
   21  8048  2255  5256  2541    -1  4178   502  1510  4676  7899  7006
 2093   705    25  5306  4309   620    -1  1553   416    -1    -1  6327
 1280  8277  3256  1527  9970  7437  6141    -1   990  2399  1557  8246
 5374  1684  6479  5021    -1  2838  4955  9434    -1  9741  1748    -1
 9336    -1  5389  5974  5906  2014    -1  4718  1082    -1    -1  8081
 2699    -1   869    -1  8464   713    -1  8867    12    -1    -1    -1
  864    -1  2348  1334  4087  1824  3568  1698    -1  7278    -1    -1