   -1  6117  9443  5531    -1  3451  2565  3027  6622  6595  1382
 2197    -1  4239  1176  1440  9731  2880  2761  6836  2826  4234
 7833  7925    -1    -1  5043  4322  8287  9642  8666   816  5134
  601  4595    -1    -1  6868   386  3202  1583    -1  7511  3926
   -1  8169  9092  9494    -1    -1  5803  8546  8363  6074  8257
 1911   101  4209  4965    -1    -1  4989  5957  4628    -1   287
  184  1022  9637  1270  2930  8072    -1  1545   203  8229  4708
 6320  5407  4506  1789  9766  6595  1906    -1  5773    -1  8459
 9480  1134  1936    -1   861  8160  1037  9513    -1  3153  3548
 5560  6692  1793   636  4130    -1  3579    -1  9571    -1  9776
 1364  8835  6238  2852  6796  4150  6935  1537  4997  3262    -1 