-1 -1 76 69 32 85 -1 96 -1 -1 -1 -1 16
-1 -1 -1 -1 -1 -1 -1 -1 -1 77 32 39 32
76 -1 -1 -1 -1 4 -1 -1 -1 -1 -1 -1 -1
69 -1 -1 -1 -1 -1 16 -1 -1 48 -1 -1 -1
32 -1 -1 -1 -1 -1 81 -1 -1 -1 -1 -1 9
85 -1 4 -1 -1 -1 93 39 -1 -1 11 98 -1
-1 -1 -1 16 81 93 -1 -1 -1 98 -1 -1 -1
96 -1 -1 -1 -1 39 -1 -1 89 -1 -1 -1 -1
-1 -1 -1 -1 -1 -1 -1 89 -1 79 -1 -1 -1
-1 77 -1 48 -1 -1 98 -1 79 -1 36 -1 -1
-1 32 -1 -1 -1 11 -1 -1 -1 36 -1 -1 -1
-1 39 -1 -1 -1 98 -1 -1 -1 -1 -1 -1 -1
16 32 -1 -1 9 -1 -1 -1 -1 -1 -1 -1 -1
