-1 90 76 70 41 65 -1 66 70 11 47 89 74 98
14 -1 6 -1 76 34 40 89 82 80 -1 79 39 27
32 88 -1 45 10 72 -1 -1 53 15 71 69 63 6
62 -1 22 -1 41 54 79 82 -1 33 33 -1 96 28
87 19 51 27 -1 16 7 20 79 88 68 -1 39 36
51 11 83 86 82 -1 28 20 63 70 15 76 -1 -1
-1 13 -1 57 55 53 -1 46 39 -1 59 -1 90 65
98 2 -1 3 45 25 61 -1 69 55 34 -1 87 36
64 85 53 -1 60 71 44 26 -1 18 58 52 33 56
81 66 41 27 64 11 -1 15 33 -1 69 76 11 49
27 -1 58 60 53 27 73 72 92 31 -1 45 3 87
26 35 1 -1 -1 75 -1 -1 23 19 79 -1 26 44
50 93 16 66 65 -1 35 33 80 38 71 17 -1 95
28 82 78 43 40 -1 72 37 62 33 19 51 92 -1
