-1 42 -1 -1 32 -1 7 39 91 30 58 36 32 -1
42 -1 -1 -1 36 -1 98 96 -1 13 69 98 -1 85
-1 -1 -1 67 -1 -1 -1 46 -1 21 47 89 -1 83
-1 -1 67 -1 18 -1 92 -1 37 -1 88 80 -1 76
32 36 -1 18 -1 79 -1 -1 70 -1 20 -1 -1 66
-1 -1 -1 -1 79 -1 19 -1 29 -1 97 47 49 -1
7 98 -1 92 -1 19 -1 47 -1 95 66 -1 80 -1
39 96 46 -1 -1 -1 47 -1 98 -1 75 88 -1 85
91 -1 -1 37 70 29 -1 98 -1 32 70 -1 69 -1
30 13 21 -1 -1 -1 95 -1 32 -1 43 -1 -1 96
58 69 47 88 20 97 66 75 70 43 -1 74 -1 98
36 98 89 80 -1 47 -1 88 -1 -1 74 -1 -1 39
32 -1 -1 -1 -1 49 80 -1 69 -1 -1 -1 -1 14
-1 85 83 76 66 -1 -1 85 -1 96 98 39 14 -1
