-1 -1 76 69 32 85 37 96 28 -1 63 -1 16
-1 -1 -1 -1 -1 -1 -1 -1 -1 77 32 39 32
76 -1 -1 -1 -1 4 -1 37 49 28 13 21 -1
69 -1 -1 -1 -1 45 16 -1 75 48 -1 -1 70
32 -1 -1 -1 -1 70 81 87 40 26 18 -1 9
85 -1 4 45 70 -1 93 39 -1 -1 11 98 43
37 -1 -1 16 81 93 -1 43 96 98 -1 -1 -1
96 -1 37 -1 87 39 43 -1 89 11 -1 -1 -1
28 -1 49 75 40 -1 96 89 -1 79 -1 -1 79
-1 77 28 48 26 -1 98 11 79 -1 36 -1 -1
63 32 13 -1 18 11 -1 -1 -1 36 -1 98 -1
-1 39 21 -1 -1 98 -1 -1 -1 -1 98 -1 67
16 32 -1 70 9 43 -1 -1 79 -1 -1 67 -1
