   -1  6209  8635  2602    -1    -1    -1  1034  2870    -1    -1
 6209    -1    -1  7190    -1    -1    -1  8133    -1  7340    -1
 8635    -1    -1  5919    -1  3448    -1  1982    -1  5571  1207
 2602  7190  5919    -1  3215   572  3224    -1  1184  6549  3508
   -1    -1    -1  3215    -1   475  5653  9480  8346  1310  1945
   -1    -1  3448   572   475    -1  5926    -1    -1    -1  7429
   -1    -1    -1  3224  5653  5926    -1    -1  5184  6626    -1
 1034  8133  1982    -1  9480    -1    -1    -1  9006  8355    -1
 2870    -1    -1  1184  8346    -1  5184  9006    -1    -1  3564
   -1  7340  5571  6549  1310    -1  6626  8355    -1    -1  2767
   -1    -1  1207  3508  1945  7429    -1    -1  3564  2767    -1 