   -1  1428  7829  8578  1609   929  9923  6281  2608  9005  4321
 1428    -1  4943  2648  5180   950  3580  4367  3859  9589  2278
 7829  4943    -1  2536  5092  1171  1747  1458  9911  7323  1928
 8578  2648  2536    -1   909  7590  3986  1318  7471  4236   887
 1609  5180  5092   909    -1  1546  5727  4412   325  9987   411
  929   950  1171  7590  1546    -1  9105  5022  7305  8932  5854
 9923  3580  1747  3986  5727  9105    -1    61  3174  6244    28
 6281  4367  1458  1318  4412  5022    61    -1   885  2353  6288
 2608  3859  9911  7471   325  7305  3174   885    -1  9056  9989
 9005  9589  7323  4236  9987  8932  6244  2353  9056    -1  7500
 4321  2278  1928   887   411  5854    28  6288  9989  7500    -1 