-1 42 40 32 32 68 7 39 91 30 58 36 32 13
42 -1 24 15 36 40 98 96 22 13 69 98 4 85
40 24 -1 67 61 94 18 46 38 21 47 89 22 83
32 15 67 -1 18 96 92 95 37 88 88 80 24 76
32 36 61 18 -1 79 49 37 70 90 20 38 58 66
68 40 94 96 79 -1 19 63 29 77 97 47 49 14
7 98 18 92 49 19 -1 47 15 95 66 81 80 35
39 96 46 95 37 63 47 -1 98 83 75 88 95 85
91 22 38 37 70 29 15 98 -1 32 70 67 69 15
30 13 21 88 90 77 95 83 32 -1 43 28 17 96
58 69 47 88 20 97 66 75 70 43 -1 74 44 98
36 98 89 80 38 47 81 88 67 28 74 -1 15 39
32 4 22 24 58 49 80 95 69 17 44 15 -1 14
13 85 83 76 66 14 35 85 15 96 98 39 14 -1
